Ad         2500  2500  2500  0
Bd         15000  15000  15000  0
n1         0.008  0.016  0.01132  0.00043
H1         1200  2000  1673  53
A2         1200  1200  1200  0
B2         4000  4000  4000  0
n2         0.3  0.5  0.404  0.051
K2         1.0  3.0  1.54  0.16
Aa         7000  15000  11680  1490
Ka         3.0  6.0  5.01   0.15
ncn        1.0  3.0  2.40  0.26
thetacn    109  109  109   0
wcn        2.0  15.0  8.2  1.1
nsg        0.1  1.0  0.626  0.068
thetasg    60  100  75.8  2.2
wsg        20  20  20  0
Gamma_w    0  0.3  0.140  0.066
ngc        1.0  10.0  6.2  2.6
Agc        160  160  160  0
Hgc        35  35  35   0
ngn        1.0  3.0  1.84  0.12
Wgn        10  20  15.1  0.8
Agn        120  130  125.8  0.8
Kgn        1.4  1.4  1.4  0
J_LB       0.4  1.2  0.480  0.063
nlb1       0.5  1.5  1.094  0.073
thetalb1   190  200  195.4 1.2
detlb1     20  40  28.4  1.1
wlb1       10  20  14.2  0.9
hlb1       80  130  112.9  3.9
nlb2       1.0  3.0  2.33  0.15
thetalb2   260  300  278.2  1.1
detlb2     10  60  14.7 0.7
wlb2       10  20  15.6   1.1
hlb2       10  60  43.6  2.6
nLI        0.0  3.0  1.907  0.096
RLI        80  80  80  0
WLI        15  15  15  0
detthetaLI 30  30  30  0
thetaLI    40  40  40  0
J_FB       1.0  1.0  1.0  0
nlmc       0.05  0.3  0.066 0.007
n30D       0.05  0.5  0.32  0.17
nsmc       0  0.3  0.045  0.017 
# --- Other options --- # 
z_Sun      6 6 6 0
Ele_arm    0.135000 0.129000 0.103000 0.116000 0.005700
Wid_arm    300 500 300 500 300 
B2s        4000 4000 4000 0

